python:
 mean:152.7206871868289
 var: 57672.84569843345
hdfs:
 mean:145.09567455591278
 var:44113.10643156893

